8 282475250 19959
943659 108931 211273 27545 850879 777924 237710 564441
438166 484493 243043 807988 522504 282328 531730 378841

5 896544304 30845
817710 97158 129561 570934 493100
280279 351817 795336 899098 807827

9 101929268 32301
877634 580980 379150 236580 558822 511968 10673 901394 819337
125486 91746 425229 894092 640195 186358 35002 921154 616709

9 771515669 4335
788125 702197 509531 60904 727723 454667 728550 118025 797802
806854 540978 847409 308229 374934 260299 938982 28636 408014

10 997389815 39759
554537 339426 1670 724116 220095 75630 446502 546518 934196 30106
810405 319452 194299 782189 821124 799506 246883 406753 731567 936717

2 578354439 35236
851502 844898
783872 955829

2 227619359 9434
982398 722295
477905 621610

8 190959746 26719
853636 266299 98143 880400 827969 90413 400261 673558
441595 688009 716396 325969 119114 204531 471007 910963

7 400285366 30677
179853 530768 633822 185696 824713 973672 859902
248591 724832 314739 153058 631617 819791 555641

8 541437336 9449
497973 936099 649096 975320 583455 345224 112290 556761
948906 586127 236124 129507 45814 476771 935239 329095

13 304987845 18080
140535 725227 915395 941364 318739 607845 559591 436551 145160 808624 764948 597386 307218
195273 755540 399248 242386 413497 894886 140624 682421 28145 531969 335736 699916 161626

15 43046043 31551
454680 24153 575245 977296 878819 590397 87693 301816 112992 740034 122670 119398 489554 410548 975826
121211 729663 830212 533809 273378 822762 626 737336 401869 977996 2777 62768 997440 829875 689332

13 968456302 36248
300561 120095 918985 113756 639790 851408 828016 30194 222770 15681 303456 16856 267507
170964 233503 586677 863109 963250 602332 277845 887639 760809 939998 428652 54850 645204

4 440796532 20855
395420 636776 42010 530181
687930 995224 244055 588261

2 834991546 43375
837526 204201
134257 421565

6 668306649 880
225551 925151 541977 301413 938555 482798
102505 348382 34749 7066 659379 847700

2 338725130 41233
265484 650448
264608 180774

11 494664306 16147
170054 927225 784631 280367 205401 660445 495371 570286 883017 193899 608156
841134 515558 696577 953179 658267 187358 221712 227879 320615 474820 795738

14 678620592 19310
48763 306634 976198 576032 238589 860590 54874 998878 637305 979359 861201 777255 68961 14916
293948 645481 207731 669956 674547 837108 841239 340001 984927 545036 774858 561114 250115 929594

1 118498355 17990
25358
342586

2 122721016 30957
106103 860918
786644 819420

8 572547748 31956
855396 423304 404474 719104 711749 424386 205659 163460
45407 673931 739825 285133 300974 959604 246898 907921

15 9135232 35711
620204 213901 824521 462534 481259 217004 618677 820951 423935 558781 279880 941833 482575 433550 174543
306250 252772 766311 915880 200984 669971 392041 82724 73651 902972 753230 190319 917747 710300 687231

6 554270777 12601
668245 76959 747697 666772 829065 791561
56599 318752 869941 764504 789552 192802

6 119315081 45725
559275 659650 40414 783321 519026 322013
901784 854789 624118 424009 81551 265325

12 754451258 5993
835691 438667 262411 760594 490554 809566 190961 228743 151404 254353 7308 256142
244911 413201 192800 343128 120172 157788 334415 31626 116642 619518 55349 901843

12 927515975 19803
211374 972221 739912 509240 245055 641306 556930 382254 354190 815167 204357 359305
659861 645899 5593 901721 866117 151581 98868 149353 26940 178699 494902 160812

9 482756892 21983
331729 326672 951662 77046 303121 620241 317159 299454 769628
685351 853712 535564 629595 207534 401728 307828 398796 919532

3 140351517 14028
478516 466925 642602
627098 168662 967104

5 799980109 33410
2282 517016 43711 963217 301906
775974 767782 882721 270792 481170

10 702715828 18031
616729 357126 320385 580168 789950 500477 416047 521577 568667 577468
260521 627385 341992 425211 333259 428212 268745 419519 685719 321935

10 436280768 45529
449819 73015 211826 102919 958029 333030 78035 6728 151241 933755
486541 408397 90936 203084 48049 846866 87012 615253 553065 377877

6 746232676 10673
482711 470416 728193 24711 454748 463038
701300 368448 949716 241694 259580 567130

13 995333980 41164
295526 110290 574959 114034 211801 165090 87671 535218 880847 521039 509544 240339 385937
603322 597720 536497 791248 943789 428360 425988 145036 765236 383913 185685 745990 683785

7 76422668 16346
972616 167046 665977 326662 365826 182820 271632
422904 72699 936799 92640 914005 909504 800680

14 88207392 16365
264925 314366 57122 114455 777107 127451 51704 530833 71033 932142 961655 281978 942218 753901
357290 173466 84748 3623 289880 459318 301517 564049 182763 121030 649040 52709 605904 502658

10 924375753 4040
108622 44558 6997 426956 266931 21495 645556 192222 429313 802294
231428 142233 477445 234792 402199 549153 444857 273571 464304 627440

3 324735800 39992
591836 981922 846044
122753 574087 289720

15 230168411 4897
44670 409606 349944 437312 922432 977993 139817 138700 786972 180640 501371 325837 679892 182858 94834
383329 518178 474411 217684 885177 523490 972092 70435 484712 226905 491027 464892 610791 500523 559365

11 539924885 35683
341442 907128 316180 185785 994538 329871 387562 32582 374166 545803 357733
367333 347855 459760 609848 972378 940463 979011 943820 298151 413378 900942

13 434826721 39636
396113 734760 219957 974391 536153 330049 695015 959045 514919 240151 350102 741296 819822
295732 644502 128246 154962 946058 703511 593929 350806 662174 782138 309670 439097 4504

14 850318676 28374
224301 276490 740263 532055 868264 358644 24890 245251 776736 469416 31365 52495 850964 867759
985653 485093 957317 766715 761421 958061 807451 63369 78742 891848 199197 4788 902502 188235

9 925270572 20703
687876 817254 641872 669330 562294 433720 973472 738821 725765
681080 142631 594411 688081 266114 863343 398139 248383 146045

13 920998394 26130
800981 109001 945597 5948 767371 266088 506544 952734 262853 490262 376825 554401 982381
370779 871858 373424 59499 567015 252846 261663 468510 726611 596850 709219 19291 775056

16 319518556 23949
606535 86276 877322 811152 921227 775252 694460 632784 316715 366438 337880 907699 914101 383138 94286 445879
918285 470343 164916 45961 63068 735141 810708 543567 320729 563 466364 241970 242891 712624 222279 917314

2 267127011 38713
576979 646001
207395 734508

9 430166552 15693
993432 554545 880740 408777 507585 74253 374109 275515 991455
595020 783029 466672 592371 756664 867948 684025 424544 916855

9 389114982 2865
986289 768164 508360 411020 255380 195357 419462 408488 308354
743900 985789 794245 369881 582467 738284 665275 300237 318910

8 40621835 40899
69685 169652 289550 709267 747468 111 619590 486328
97774 625582 889296 607937 637875 245436 558232 566973

5 971319799 1110
874588 766298 369090 102647 29091
958112 966613 957464 872113 923782

16 522329231 30856
453214 655129 371951 228601 288960 949755 289993 655195 403331 48633 353560 858778 67780 118633 263273 86384
839082 237154 132623 398522 297957 609819 275592 366901 400197 874121 762705 733600 207130 527145 859176 140871

1 131204600 40328
874619
764289

13 222648129 30573
87663 744841 279150 486386 66584 924516 630660 114879 245960 918562 668383 728049 884055
49441 351382 218771 702029 340252 367545 405870 117596 872470 722711 508173 605924 552126

12 939298851 29455
111244 447847 725870 766671 841395 94611 26393 731065 109525 559362 439520 693621
681563 171662 303726 479435 5950 622091 137323 486261 260094 159929 385123 716382

15 903766469 7856
112723 966640 463518 608794 769365 359179 61957 356772 988342 751356 160837 768490 979729 467121 474903
910313 439617 633348 853947 32852 702673 725812 846524 191737 482606 29608 380634 587867 391554 941413

6 640814041 4102
634258 221734 588296 988140 42252 961259
292695 194161 251139 949930 919876 804599

5 821225634 26498
443277 193237 590647 783874 929465
627485 742193 54120 333843 499329

12 777800263 37072
205717 127128 292173 908749 344001 174371 261399 961293 589546 808929 612301 792144
652193 973564 314784 344273 69802 384010 246222 614487 624514 415770 432532 245358

12 270649487 34139
739817 364255 509755 549815 962616 166538 762967 647298 458878 625761 77413 580192
638232 754175 412464 814878 180325 494785 527834 306751 759528 45000 377430 199610

1 888155365 19477
32813
651980

7 441132408 18819
567601 614260 388311 900754 115892 379322 673226
965254 613930 236097 730554 530662 784859 827492

4 712542921 44413
181688 816527 455473 835220
655642 138205 382952 288093

14 259181371 583
741963 996177 225318 525827 958414 223345 662572 485980 551036 468130 657289 959849 700979 505618
417724 447839 619509 888930 194927 829969 471807 825200 332256 559830 323277 703489 527897 102820

9 117091138 19749
580319 904492 180684 918399 991121 119749 689962 705652 311019
275978 379947 518662 931479 112229 225064 225236 971507 591309

9 743955680 11814
7324 349678 79393 378954 356979 151854 889296 708272 548476
140205 966963 128033 708820 483532 534036 609469 152469 652611

11 290067271 45265
506266 969046 143280 289076 675328 712688 225364 659038 375767 974535 803084
818676 926185 559556 44157 517400 963665 852094 757887 120634 244925 888048

3 864971331 32258
825666 106911 631683
56806 396315 579653

2 332973586 27895
897807 64761
517961 200913

4 568463431 11556
214201 48586 984468 230485
3989 955201 495687 380101

8 872328200 40817
804429 367184 793918 507137 687803 74490 456579 239726
20790 446723 860596 340606 842320 638692 420722 617775

3 817469863 33451
671284 334627 916420
723802 194331 897645

8 89423259 38694
103132 46737 760721 808309 161025 86948 380509 188412
19398 556001 278315 361897 534000 695646 592534 514963

12 361813755 22378
694287 976537 200011 614663 578174 314494 106636 374989 284572 506839 804822 964892
98414 250561 889958 344093 258744 889776 832769 330414 900416 816637 519892 223348

2 775654833 19112
828929 195144
240880 510907

15 903425808 27759
535204 604422 927448 951035 351950 119417 767760 81939 778551 635184 352187 581097 959686 470525 697923
260364 229182 173013 233252 472203 635496 61537 933455 302209 446981 608032 220831 632096 566715 913113

9 568629938 21304
215686 842920 884382 869611 899909 211610 899440 532868 996120
811267 75000 444521 974516 242578 459923 197143 203981 335882

6 760910031 20799
812437 146995 343946 452603 923234 628481
963457 292835 676518 198882 708782 433459

6 699174993 5904
848652 616202 708543 953945 49636 207556
321873 57444 947323 637014 378442 284782

4 546669519 29727
861730 864956 459083 729365
903033 819314 459196 434329

9 832619856 2807
403882 811611 99905 392552 177617 996762 948865 645406 432123
965114 4944 48637 585119 52995 952189 253744 517640 274503

8 94655071 33269
848213 703318 209933 427783 274098 47860 447074 335591
244820 344011 780912 853016 934979 228543 996046 48271

3 655903009 37977
531100 440710 838214
18551 642952 254666

15 607251618 37679
135300 17917 707585 911870 367443 823504 41516 74330 507258 713383 90265 109353 605155 532527 116028
378756 449260 2953 707387 267423 559130 243787 595550 741880 229199 278891 498604 414687 632444 568828

2 973300199 7079
470818 134032
173477 867462

12 593550215 38143
386833 329723 325512 132792 682872 506143 164734 431554 378031 222381 478705 864916
798888 837111 66682 411559 848787 111434 304041 862660 521937 617563 676939 949755

15 266233527 17757
227596 898622 581178 810342 369159 783055 606021 77198 864728 832452 659463 610333 22938 900805 446058
454406 200908 799944 294259 256540 217344 383698 222282 332966 181458 875606 490118 68413 485625 190185

4 238320300 24801
614741 796852 387847 892923
376894 138616 358050 251362

2 567717232 29626
326124 50697
487445 995251

15 538472432 26436
715936 821266 577802 718388 632438 563949 215121 815425 423895 542776 127904 934990 116287 990846 634144
657258 216333 313262 385579 157105 384203 157032 978221 884687 878631 938644 262368 205649 103845 497318

6 120070126 11336
607864 845417 246681 415349 360980 50958
986815 52706 72190 233308 794906 874528

15 530483716 37124
398898 369450 997496 456030 409027 487867 984399 458986 946663 677519 98854 70580 616204 113384 810724
830560 53222 421175 979035 422676 240703 89437 63280 542916 594751 813014 788851 172493 502949 84084

6 197225848 35772
232707 710179 442307 158268 804115 633911
984471 127359 428618 124947 222305 977657

16 544733638 41419
191735 348657 168509 153013 259114 96281 276725 779105 684614 252074 739963 292980 464378 948270 291148 805632
719754 325634 338740 552521 451195 677598 889425 836872 984959 93321 488949 628019 437402 320518 406393 512614

13 257691357 2418
988595 903869 535671 282464 521650 965135 176426 439872 891892 985651 981218 630011 342655
916526 863902 905495 396393 98035 24971 192547 456188 836122 831566 483590 412972 954866

9 777512111 16027
928110 269695 623324 31535 118475 634415 155495 440424 846876
673078 421358 825628 705223 485575 490173 198840 24040 168184

2 924350531 16740
82607 594897
502013 885896

3 313517517 925
869685 839228 295579
24461 861973 443488

4 687111582 24763
439195 162031 251296 669259
933420 82213 863444 492313

3 581326629 41129
963927 431227 482727
842734 972982 195297

1 37618062 9339
721378
596125

0 0 0
